%YAML:1.0
---
version: "1.2"
img_params:
   -
      model: 0
      width: 752
      height: 480
      in_left:
         # [fx  0 cx]
         # [ 0 fy cy]
         # [ 0  0  1]
         fx: 439.12472698845284
         fy: 439.65762370518974
         cx: 356.94016689742233
         cy: 231.07744714937556
         # coeffs: k1,k2,p1,p2,k3
         coeffs: [ -0.2988636148524402, 0.08221871188076091, 0.00047748414598133604,
                   -0.00011392533841534008, 0. ]
      in_right:
         # [fx  0 cx]
         # [ 0 fy cy]
         # [ 0  0  1]
         # fx: 438.88871229452167
         # fy: 439.00785463781335
         # cx: 389.2414974548429
         # cy: 243.469607456951
         # # coeffs: k1,k2,p1,p2,k3
         # coeffs: [ 0.3055560266361261, 0.08793568114971291, 0.0002029188576673887,
         #          -0.00044779600500398457, 0. ]
         fx: 438.8691211443682
         fy: 438.31085983052117
         cx: 390.97581483972573
         cy: 244.84737073054882
         # coeffs: k1,k2,p1,p2,k3
         coeffs: [ -0.3342997333688655, 0.13870029602694095, -0.00030437696758399126,
                   -0.0003621535415359789, 0. ]
      ex_right_to_left: #????? actually left to right?
         # rotation: [ 9.9867908939669447e-01, -6.3445566137485428e-03,5.0988459509619687e-02, 
         #             5.9890316389333252e-03, 9.9995670037792639e-01, 7.1224201868366971e-03,
         #            -5.1031440326695092e-02, -6.8076406092671274e-03, 9.9867384471984544e-01 ]
         # translation: [ -1.2002489764113250e+02, -1.1782637409050747e+00,
         #     -5.2058205159996538e+00 ]
         rotation: [ 0.9999697620802357, -0.005566703043559188, 0.005430169648418454, 
                     0.005578050930814223, 0.9999822857950144, -0.002076883237090139,
                    -0.005418512065043198, 0.0021071101993233076, 0.9999830997639899 ]
         translation: [ -1.17354905e+02, -0.0005192495776083523e+03,
             0.0007600111555135342e+03 ] # [m]

