%YAML:1.0
---
version: "1.2"
in_accel:
   scale: [ 1., 0., 0., 0., 1., 0., 0., 0., 1. ]
   assembly: [ 0.0, 0.0, 0.0, 0.0, 0.0, 0.0, 0.0, 0.0, 0.0 ]
   drift: [ 0., 0., 0. ]
   # noise: [ 1.6925432397973516e-02, 1.6735310195561025e-02,
   #     1.7452487504590969e-02 ]
   # bias: [ 1.9031356589714596e-04, 1.6996777864587261e-04,
   #     5.4490537096493644e-04 ]
   noise: [ 1.1294490844815475e-02, 1.1119203509378464e-02,
       5.3268648373771980e-02 ]
   bias: [ 2.96175e-04, 2.47121e-04,
       3.77934e-04 ]
   x: [ 0.0, 0.0 ]
   y: [ 0.0, 0.0 ]
   z: [ 0.0, 0.0 ]
in_gyro:
   scale: [ 1., 0., 0., 0., 1., 0., 0., 0., 1. ]
   assembly: [ 0.0, 0.0, 0.0, 0.0, 0.0, 0.0, 0.0, 0.0, 0.0 ]
   drift: [ 0., 0., 0. ]
   # noise: [ 1.0848026158819934e-03, 1.2466367883501759e-03,
   #     1.1003229919806443e-03 ]
   # bias: [ 2.3404834136742844e-05, 2.3596771567764949e-05,
   #     1.4970418056326829e-05 ]
   noise: [ 8.2738349507656059e-04, 8.3530522616516131e-04,
       8.1549938273165997e-04 ]
   bias: [ 3.20271e-05, 1.82999e-05,
       2.71963e-05 ]
   x: [ 0.0, 0.0 ]
   y: [ 0.0, 0.0 ]
   z: [ 0.0, 0.0 ]
ex_left_to_imu:
   # rotation: [ -6.4662000000000001e-03, -9.9994994000000004e-01, -7.6356499999999999e-03,
   #              9.9997908999999996e-01, -6.4656599999999998e-03, -9.5580000000000003e-05,
   #              4.6199999999999998e-05, -7.6361099999999998e-03, 9.9997084000000003e-01]
   # translation: [ 5.3364600000000003e-03, -4.3029220000000000e-02,
   #     2.3031240000000001e-02 ]
   rotation: [ -0.00569686, -0.99998104,  0.00233794,
                0.99995663, -0.00567946,  0.00738157,
                -0.00736815,  0.00237989,  0.99997002]
   translation: [ 0.00407226, -0.04181887,
       0.02579003 ]




# acc X 
# C -3.88918e-05   0.00108016 -0.000355538  9.61507e-05 -1.66552e-06
#  Bias Instability 0.000296175 m/s^2
#  White Noise 0.0112945 m/s^2
# -------------------
# acc y 
# C -4.32545e-05   0.00111904 -0.000351944   6.4155e-05 -3.60343e-07
#  Bias Instability 0.000247121 m/s^2
#  White Noise 0.0111192 m/s^2
# -------------------
# acc z 
# C   0.00012763 -0.000992832   0.00486771 -9.96045e-05  3.13666e-06
#  Bias Instability 0.00377934 m/s^2
#  White Noise 0.0532686 m/s^2
# -------------------

# Gyro X 
# C -0.475208   12.4703 0.0050924  0.191837 0.0182673
#  Bias Instability 3.20271e-05 rad/s
#  Bias Instability 2.44091e-05 rad/s, at 38.7213 s
#  White Noise 2.77546 rad/s
#  White Noise 0.000827383 rad/s
#   bias -0.089189 degree/s
# -------------------
# Gyro y 
# C -0.588319   14.8092  -3.28258  0.901223 0.0202265
#  Bias Instability 1.82999e-05 rad/s
#  Bias Instability 2.43439e-05 rad/s, at 14.1304 s
#  White Noise 2.93694 rad/s
#  White Noise 0.000835305 rad/s
#   bias 0.162473 degree/s
# -------------------
# Gyro z 
# C   -0.509121     12.9349   -0.590153    0.564803 -0.00949921
#  Bias Instability 2.71963e-05 rad/s
#  Bias Instability 2.25593e-05 rad/s, at 34.1354 s
#  White Noise 2.78774 rad/s
#  White Noise 0.000815499 rad/s
#   bias 0.0485827 degree/s
# -------------------